DEBUG FAISS SEARCH: k=50
INDICES: [[ 5  4  6  2  3  0  1 -1 -1 -1 -1 -1 -1 -1 -1 -1 -1 -1 -1 -1 -1 -1 -1 -1
  -1 -1 -1 -1 -1 -1 -1 -1 -1 -1 -1 -1 -1 -1 -1 -1 -1 -1 -1 -1 -1 -1 -1 -1
  -1 -1]]
DISTS: [[1.1451187e+00 1.1524584e+00 1.1538911e+00 1.1629956e+00 1.2815795e+00
  1.6748331e+00 1.6748331e+00 3.4028235e+38 3.4028235e+38 3.4028235e+38
  3.4028235e+38 3.4028235e+38 3.4028235e+38 3.4028235e+38 3.4028235e+38
  3.4028235e+38 3.4028235e+38 3.4028235e+38 3.4028235e+38 3.4028235e+38
  3.4028235e+38 3.4028235e+38 3.4028235e+38 3.4028235e+38 3.4028235e+38
  3.4028235e+38 3.4028235e+38 3.4028235e+38 3.4028235e+38 3.4028235e+38
  3.4028235e+38 3.4028235e+38 3.4028235e+38 3.4028235e+38 3.4028235e+38
  3.4028235e+38 3.4028235e+38 3.4028235e+38 3.4028235e+38 3.4028235e+38
  3.4028235e+38 3.4028235e+38 3.4028235e+38 3.4028235e+38 3.4028235e+38
  3.4028235e+38 3.4028235e+38 3.4028235e+38 3.4028235e+38 3.4028235e+38]]
DEBUG FAISS SEARCH: k=30
INDICES: [[ 5  2  4  6  3  0  1 -1 -1 -1 -1 -1 -1 -1 -1 -1 -1 -1 -1 -1 -1 -1 -1 -1
  -1 -1 -1 -1 -1 -1]]
DISTS: [[1.3079906e+00 1.3089590e+00 1.3098397e+00 1.3187926e+00 1.4993215e+00
  1.6147939e+00 1.6147939e+00 3.4028235e+38 3.4028235e+38 3.4028235e+38
  3.4028235e+38 3.4028235e+38 3.4028235e+38 3.4028235e+38 3.4028235e+38
  3.4028235e+38 3.4028235e+38 3.4028235e+38 3.4028235e+38 3.4028235e+38
  3.4028235e+38 3.4028235e+38 3.4028235e+38 3.4028235e+38 3.4028235e+38
  3.4028235e+38 3.4028235e+38 3.4028235e+38 3.4028235e+38 3.4028235e+38]]
DEBUG FAISS SEARCH: k=30
INDICES: [[110 324  86  42 365  31  25 280 273  14 152 177 121 159  93 331 248 305
  348 191 228 104 210 336 203 286 216  53 132 165]]
DISTS: [[0.9457668  0.9490849  0.9522456  0.9690109  0.97018564 0.976987
  0.9829135  0.9888588  1.0025481  1.016925   1.0229232  1.031023
  1.0368237  1.0392818  1.0416257  1.0492239  1.053771   1.0650712
  1.0722951  1.0739417  1.0797052  1.0808338  1.0836205  1.0846572
  1.0911334  1.0916326  1.0936038  1.0944735  1.0946858  1.1015474 ]]
DEBUG FAISS SEARCH: k=6
INDICES: [[110 324  86  42 365  31]]
DISTS: [[0.9457668  0.9490849  0.9522456  0.9690109  0.97018564 0.976987  ]]
DEBUG FAISS SEARCH: k=2
INDICES: [[110 324]]
DISTS: [[0.9457668 0.9490849]]
DEBUG FAISS SEARCH: k=2
INDICES: [[6 5]]
DISTS: [[1.3944116 1.3979795]]
DEBUG FAISS SEARCH: k=10
INDICES: [[-1 -1 -1 -1 -1 -1 -1 -1 -1 -1]]
DISTS: [[3.4028235e+38 3.4028235e+38 3.4028235e+38 3.4028235e+38 3.4028235e+38
  3.4028235e+38 3.4028235e+38 3.4028235e+38 3.4028235e+38 3.4028235e+38]]
DEBUG FAISS SEARCH: k=10
INDICES: [[-1 -1 -1 -1 -1 -1 -1 -1 -1 -1]]
DISTS: [[3.4028235e+38 3.4028235e+38 3.4028235e+38 3.4028235e+38 3.4028235e+38
  3.4028235e+38 3.4028235e+38 3.4028235e+38 3.4028235e+38 3.4028235e+38]]
DEBUG FAISS SEARCH: k=10
INDICES: [[-1 -1 -1 -1 -1 -1 -1 -1 -1 -1]]
DISTS: [[3.4028235e+38 3.4028235e+38 3.4028235e+38 3.4028235e+38 3.4028235e+38
  3.4028235e+38 3.4028235e+38 3.4028235e+38 3.4028235e+38 3.4028235e+38]]
DEBUG FAISS SEARCH: k=10
INDICES: [[-1 -1 -1 -1 -1 -1 -1 -1 -1 -1]]
DISTS: [[3.4028235e+38 3.4028235e+38 3.4028235e+38 3.4028235e+38 3.4028235e+38
  3.4028235e+38 3.4028235e+38 3.4028235e+38 3.4028235e+38 3.4028235e+38]]
DEBUG FAISS SEARCH: k=10
INDICES: [[-1 -1 -1 -1 -1 -1 -1 -1 -1 -1]]
DISTS: [[3.4028235e+38 3.4028235e+38 3.4028235e+38 3.4028235e+38 3.4028235e+38
  3.4028235e+38 3.4028235e+38 3.4028235e+38 3.4028235e+38 3.4028235e+38]]
